0 1
50 3.28296
100 6.33692
150 10.0318
200 14.263
250 18.9629
300 24.1118
350 29.7495
400 35.9869
450 43.0166
500 50.9219
550 58.4944
600 67.039
650 76.2669
700 86.1035
750 96.4854
800 107.359
850 118.679
900 130.411
950 142.525
1000 155
1050 167.821
1100 180.976
1150 194.461
1200 208.273
1250 222.413
1300 236.883
1350 251.689
1400 266.833
1450 282.321
1500 298.156
1550 314.34
1600 330.871
1650 347.745
1700 364.953
1750 382.481
1800 400.311
1850 418.415
1900 436.76
1950 460.017
2000 481.595
2050 501.717
2100 520.649
2150 537.036
2200 553.839
2250 571.043
2300 588.631
2350 606.588
2400 624.901
2450 643.554
2500 662.534
2550 681.828
2600 701.422
2650 721.303
2700 741.461
2750 761.882
2800 782.555
2850 803.47
2900 824.616
2950 845.983
3000 867.56
3050 889.339
3100 911.309
3150 933.463
3200 955.793
3250 978.289
3300 1000.94
3350 1023.75
3400 1046.7
3450 1069.79
3500 1093.01
3550 1116.36
3600 1139.83
3650 1163.41
3700 1187.1
3750 1210.89
3800 1234.78
3850 1258.77
3900 1282.85
3950 1307.02
4000 1331.27
4050 1355.6
4100 1380.01
4150 1404.5
4200 1429.05
4250 1453.68
4300 1478.38
4350 1503.14
4400 1527.97
4450 1552.86
4500 1577.81
4550 1602.83
4600 1627.9
4650 1653.04
4700 1678.24
4750 1703.5
4800 1728.82
4850 1754.19
4900 1779.63
4950 1793.93
5000 1808.04
5050 1821.99
5100 1835.78
5150 1861.11
5200 1886.51
5250 1911.99
5300 1937.55
5350 1963.19
5400 1988.91
5450 2014.69
5500 2040.55
5550 2066.49
5600 2092.49
5650 2118.56
5700 2144.7
5750 2170.91
5800 2197.19
5850 2223.54
5900 2249.94
5950 2276.41
6000 2302.95
6050 2329.55
6100 2356.2
6150 2382.92
6200 2409.7
6250 2436.53
6300 2463.42
6350 2490.37
6400 2517.38
6450 2544.44
6500 2571.55
6550 2598.71
6600 2625.93
6650 2653.2
6700 2680.52
6750 2707.89
6800 2735.31
6850 2762.77
6900 2790.29
6950 2817.85
7000 2845.46
7050 2873.11
7100 2900.8
7150 2928.55
7200 2956.33
7250 2984.15
7300 3012.02
7350 3039.93
7400 3067.88
7450 3095.87
7500 3123.9
7550 3151.97
7600 3180.07
7650 3208.22
7700 3236.39
7750 3264.61
7800 3292.86
7850 3321.15
7900 3349.47
7950 3377.83
8000 3406.22
8050 3434.64
8100 3463.09
8150 3491.58
8200 3520.1
8250 3548.65
8300 3577.23
8350 3605.83
8400 3634.47
8450 3663.14
8500 3691.84
8550 3720.57
8600 3749.32
8650 3778.1
8700 3806.91
8750 3835.74
8800 3864.6
8850 3893.49
8900 3922.4
8950 3951.34
9000 3980.3
9050 4009.29
9100 4038.3
9150 4067.34
9200 4096.4
9250 4125.48
9300 4154.58
9350 4183.71
9400 4212.86
9450 4242.03
9500 4271.22
9550 4300.44
9600 4329.67
9650 4358.93
9700 4388.2
9750 4417.5
9800 4446.82
9850 4476.15
9900 4505.51
9950 4534.89
10000 4564.28
10050 4593.7
10100 4623.13
10150 4652.58
10200 4682.05
10250 4711.54
10300 4741.04
10350 4770.57
10400 4800.11
10450 4829.67
10500 4859.24
10550 4888.83
10600 4918.44
10650 4948.07
10700 4977.71
10750 5007.37
10800 5037.05
10850 5066.74
10900 5096.45
10950 5126.18
11000 5155.92
11050 5185.67
11100 5215.45
11150 5245.23
11200 5275.04
11250 5304.86
11300 5334.69
11350 5364.54
11400 5394.41
11450 5424.29
11500 5454.18
11550 5484.09
11600 5514.02
11650 5543.96
11700 5573.91
11750 5603.88
11800 5633.87
11850 5663.87
11900 5693.88
11950 5723.91
12000 5753.95
12050 5784.01
12100 5814.08
12150 5844.17
12200 5874.27
12250 5904.39
12300 5934.52
12350 5964.66
12400 5994.82
12450 6025
12500 6055.19
12550 6085.39
12600 6115.61
12650 6145.84
12700 6176.09
12750 6206.35
12800 6236.63
12850 6266.92
12900 6297.22
12950 6327.54
13000 6357.88
13050 6388.23
13100 6418.59
13150 6448.97
13200 6479.37
13250 6509.78
13300 6540.2
13350 6570.64
13400 6601.09
13450 6631.56
13500 6662.05
13550 6692.55
13600 6723.06
13650 6753.59
13700 6784.14
13750 6814.7
13800 6845.28
13850 6875.87
13900 6906.47
13950 6937.1
14000 6967.74
14050 6998.39
14100 7029.06
14150 7059.75
14200 7090.45
14250 7121.17
14300 7151.9
14350 7182.65
14400 7213.42
14450 7244.21
14500 7275.01
14550 7305.82
14600 7336.65
14650 7367.5
14700 7398.37
14750 7429.25
14800 7460.16
14850 7491.07
14900 7522.01
14950 7552.96
15000 7583.93
15050 7614.91
15100 7645.92
15150 7676.94
15200 7707.98
15250 7739.03
15300 7770.11
15350 7801.2
15400 7832.31
15450 7863.44
15500 7894.59
15550 7925.75
15600 7956.93
15650 7988.13
15700 8019.35
15750 8050.59
15800 8081.85
15850 8113.12
15900 8144.42
15950 8175.73
16000 8207.06
16050 8238.42
16100 8269.79
16150 8301.18
16200 8332.59
16250 8364.01
16300 8395.46
16350 8426.93
16400 8458.42
16450 8489.92
16500 8521.45
16550 8553
16600 8584.56
16650 8616.15
16700 8647.76
16750 8679.39
16800 8711.03
16850 8742.7
16900 8774.39
16950 8806.1
17000 8837.83
17050 8869.58
17100 8901.35
17150 8933.14
17200 8964.95
17250 8996.79
17300 9028.64
17350 9060.52
17400 9092.41
17450 9124.33
17500 9156.27
17550 9188.23
17600 9220.21
17650 9252.22
17700 9284.24
17750 9316.29
17800 9348.36
17850 9380.45
17900 9412.56
17950 9444.69
18000 9476.85
18050 9509.02
18100 9541.22
18150 9573.45
18200 9605.69
18250 9637.95
18300 9670.24
18350 9702.55
18400 9734.88
18450 9767.24
18500 9799.61
18550 9832.01
18600 9864.43
18650 9896.88
18700 9929.34
18750 9961.83
18800 9994.34
18850 10026.9
18900 10059.4
18950 10092
19000 10124.6
19050 10157.2
19100 10189.9
19150 10222.5
19200 10255.2
19250 10287.9
19300 10320.7
19350 10353.4
19400 10386.2
19450 10419
19500 10451.9
19550 10484.7
19600 10517.6
19650 10550.5
19700 10583.4
19750 10616.3
19800 10649.3
19850 10682.3
19900 10715.3
19950 10748.3
